-211922
740130
813861
124391
8135
-806917
-659765
899719
-554981
72247
935264
-565552
-495393
532340
-696543
-915609
-223497
867926
20261
875388
-480950
-382908
288166
657907
500373
-853335
843717
-24256
773561
-188685
-561449
944621
540690
327475
88075
-929259
615233
-381346
-596308
-986455
-341387
372130
441064
-869512
-863660
-343708
266652
-40117
-998907
-331200
197694
-243223
556214
-528221
-494480
126612
-391588
-616387
145616
665385
-972250
83863
-225155
-965766
-370110
-889448
-859719
-780615
-872853
878167
103615
-257127
318435
670986
41812
16745
142269
515274
294731
955255
-900951
-605702
-238396
337998
765106
668105
659881
-475133
709742
-176097
-714177
-288230
-332101
412400
917978
-8891
913906
806697
650981
-138991
-936139
-872047
970346
-540300
-260404
-629241
409095
-372681
644536
-174519
-297940
144240
-605602
296368
-307485
940552
-244306
175885
525321
-786155
-219510
-504726
-135887
-375689
-294822
48626
-106389
-69908
136282
-188293
131439
-701512
814006
-553661
-734797
439481
857617
48391
-800721
440456
750164
-858856
-878242
137908
-381112
-751716
-928830
164342
373550
646632
-804954
10276
614070
468364
993192
-729869
-165064
821016
161316
-357421
764473
54456
361106
619308
-195518
-592292
-170872
-143761
17468
-853975
-899693
-583025
-818169
-677011
165641
-69680
593695
-569746
-642683
-233155
-7038
-735601
-663727
213024
-624032
-651546
-637420
496638
-557058
513504
876158
420608
181214
241810
-251557
884517
866216
-290599
544119
556124
445701
466368
658065
49160
797777
-307760
850481
718498
-874066
954041
524718
-870589
58303
-845045
-186016
281003
-647476
523455
621466
-700199
-803178
-113247
4866
285034
-828895
-441751
-477919
973667
-307507
779028
-560965
332505
-868606
613157
392650
844696
383129
389631
-120421
737880
-643717
-629484
-331282
536046
-891260
-961683
-256683
12025
784238
759426
807557
-60281
22618
790420
-143266
603642
-218853
-102565
373341
370231
156277
451539
866157
773251
-741565
200334
-72744
76051
984078
773896
-631289
59407
567342
-561089
494385
667011
-536135
10316
-892534
-601450
506170
-179153
543776
-822447
243992
-68926
-448438
-658775
-469818
-778441
950009
-861016
16928
919592
-773506
42876
550346
-124371
-229122
664239
-441475
957947
-902906
518796
-686128
-942202
-374559
242955
-106355
-283526
-984165
637576
-215389
331154
299612
588160
-941106
969285
628601
892895
-861458
223911
-112385
-591292
424534
963591
664009
239213
426232
785289
835647
702408
27849
540516
-276237
-285608
-284705
-574899
299751
26957
270335
-316970
197213
53322
651627
674832
85475
736031
546113
-961945
769169
221631
-959330
-983686
843424
-20918
264001
-322700
-645996
189506
302575
821174
-541738
-28938
359746
-750781
-895945
141636
609453
886098
-509507
-230728
776482
-147508
375448
-57184
-248941
-850701
403043
-273796
-836441
745309
-623326
-724021
620548
-344256
-162118
-843215
287903
342467
275536
353204
-254838
-699452
-763253
-712130
-534504
-917433
687511
240780
-908369
489729
-929257
816382
94452
-287360
916249
-456130
-347634
562427
-861260
-8176
-735704
693647
-919704
13537
-833994
355666
591826
412049
134974
-563235
-812740
-423655
296576
169174
-18557
-302476
314079
-826499
762037
111343
-52816
770477
-462276
-100629
-126922
451987
70320
-561892
636725
202712
-183011
-813061
-463739
-911758
634047
644315
784903
903573
-941676
-295549
-190866
-754680
762802
314435
-460192
-185468
-814455
459448
-284110
-610904
870871
653512
603740
-70904
569253
512408
155141
248394
641056
441450
-831370
257958
-274799
-217577
-476095
-478133
727085
-852913
-576223
-659891
-832938
784944
609449
-82576
984812
347457
-777511
-132178
-491572
-733729
-997875
85027
504139
626296
-498127
-878480
-160590
-329265
-117128
406774
502151
-632070
-56162
662789
880002
-426728
830697
-210676
383727
638079
-423510
-504659
112970
-447036
932368
750824
-122127
77851
243592
-869699
265963
54959
-66786
-641295
32260
134613
-683425
976757
379306
-579765
750324
-461986
312251
576470
205531
-671025
-396146
671950
-860273
707274
925433
-226597
-145607
-797885
-367218
-289791
-936227
655412
-691683
345151
868846
-611603
-763053
-320532
527337
-363723
-265614
206832
834483
987116
163977
96578
473429
-776359
-465578
-246546
-429610
134177
-247306
141290
-3964
-212923
-968958
-131732
396811
437994
-80009
549815
-793390
-217136
-674173
436899
795978
-787744
370210
657339
-382166
-62701
340802
-805695
-704960
-952961
-438230
-639831
579724
741902
-625613
409527
-856730
-672246
231393
-839182
161063
624697
-260667
481409
763414
-823642
-329648
-614896
-667873
128311
-952433
-406168
-809748
-637163
679006
-147276
-991289
-706715
-923570
26219
-175207
122518
667487
-881088
251881
79305
433318
858195
649967
-478854
-655574
-71513
-822360
263135
-204907
-629084
245237
-669222
-399815
935208
129494
-20552
-773951
694808
-911230
-841341
641436
-524559
-51061
-17665
595722
283368
-3684
-942195
-755734
116989
467779
750206
921302
-486506
15220
-636360
855788
-462524
799769
862808
-883106
709677
618285
-382631
-362275
639778
-9682
208062
-157700
-535272
563654
233189
-686195
785529
729311
-484013
128405
440131
394350
-776236
-429932
774778
-412040
688814
389137
-17157
407389
-945182
-281020
-129921
-900793
634921
-391533
99657
-916572
-384188
859168
316601
405748
323051
-234600
-379380
231064
672236
459938
144123
359437
336177
-280129
-669627
549892
-839642
-613017
-785684
683335
29794
86064
143735
-12148
627852
75396
910313
34843
551435
764375
-77589
46708
764765
622163
842336
-512318
391289
-693907
19479
-49723
-416012
522057
344362
718572
477355
-763197
743636
-311010
-812738
985321
935997
-974524
-44882
-189089
263918
439556
-411388
518108
358674
654226
-313470
-677427
867092
-674982
400361
276220
-639638
291199
-20823
810597
-437594
-678799
511023
-755999
-556035
555518
-562357
-517761
526640
141402
-604058
-755644
518150
-490988
699219
-135971
661856
-249348
-350592
-430454
-893807
851637
-260534
620183
-316012
135363
-374349
-844347
-598282
-452528
196003
962357
-756405
717966
27245
-5775
-873295
-976517
975025
-694040
446719
-828409
739124
-87852
646881
227017
902230
219237
310541
-977480
885282
-370526
300055
260866
65229
770869
-38944
555375
92262
164235
-102376
-523527
369413
-904237
733977
283074
-699061
-93022
484913
794517
565777
-495426
-216557
712357
992357
707639
-240206
762316
-397317
734859
-438504
-902753
-58570
481059
601223
200670
-917684
109284
-425962
415572
-650536
-105590
532336
898816
-583693
-529801
-967829
-636949
-572218
456218
466828
292274
-442674
-744225
-650351
128799
997742
733562
493323
867202
988724
-855554
657455
88945
960714
169900
-744558
439025
337261
733400
-837685
507238
-316413
-218108
-581787
601354
-857519
777319
632856
667788
237231
-999387
454213
991839
114137
-622705
690901
894749
-933598
-480382
672371
-417159
97552
773769
-501014
-530816
20428
-873884
-660174
567447
139430
598568
533133
225971
113092
326184
621255
590567
988372
246026
-947028
-715708
-488449
-528643
-237243
-326700
-981533
-843634
283127
-647349
-369341
441371
-462491
182999
58665
-752776
-71369
-876285
718571
300875
-358242
-940678
384605
372950
-902452
718886
-939247
993129
314880
-409030
837444
-403634
-819051
216026
927404
-780445
-251243
-863496
967151
-63316
-355880
710783
-971057
-25023
18878
770453
-137441
541646
-530458
326286
-998141
-685970
-562495
803693
410476
-843314
54373
716931
675701
882218
-715132
-118183
407769
135406
392770
-143236
69154
77923
233248
-546673
659485
26045
616610
325366
-180418
216669
568494
632055
375517
575984
-465226
-66179
-72360
928623
-630135
776738
-924685
-230915
961282
-259560
363192
-196401
396724
-344643
277381
630363
488434
-458383
859062
979516
-716995
-211620
-634856
686718
-976220
631113
493491
188628
-23507
-121652
56082
343701
-720752
773631
-117696
-701682
2182
896212
-642892
-146660
-984113
521903
-240648
-481923
-149977
757785
-146164
758743
875671
11551
602030
308036
-472171
-305012
174598
392271
-549865
-154691
753006
478716
-788977
-16293
-159893
-461826
-315177
9900
636646
467514
40663
794098
-992110
-398792
880304
912089
878194
136641
-107470
991660
-128961
767096
171557
142671
-919935
-587215
292870
-949566
-852177
-444692
-833453
249898
-443045
212222
-305785
-842739
-136232
-726972
-992923
391558
-878518
-657376
-358636
-592049
-866866
444019
-726349
-828337
842516
-100872
-302812
-987632
-14339
116237
-9854
-85482
903010
945157
281439
11090
948977
243072
399130
8714
-728960
861228
448330
-932881
988927
600436
-296180
132254
-351911
-346186
-420908
-404872
346252
713762
123849
-36676
200009
-616882
716187
-371537
-2432
120020
662919
-950142
713608
-785585
251856
-802272
129660
-473070
109906
472943
587877
-534932
689674
-993692
-978592
-252500
737473
24613
203348
-552557
971290
-431019
438942
-262935
326758
-128017
-658648
627114
590049
-58181
-950719
838035
-257727
694437
-169396
-414847
-260877
544765
579883
556216
905672
-987096
812059
345050
-868081
-522444
-391734
369433
-753685
693673
456597
-700507
-757886
-101770
666433
317157
-289548
85977
-302120
758245
-896958
59781
-463181
797392
-80555
739643
973843
918972
528575
945602
921015
-327470
-953832
-480229
678023
903998
816391
-26006
-648254
69643
-72105
-717803
-904680
-490120
72348
400627
608445
-382616
904296
612477
-507856
-396513
422679
891088
992354
-667400
172850
837292
488359
-864417
-285310
-806163
152501
142978
773431
735924
512936
-172884
-425878
-870328
439803
93741
-38241
905760
6029
-193629
33999
393032
244254
804620
158781
37525
911904
-538314
-11564
-437364
23461
754866
145011
29617
845721
61626
11904
-274238
-506703
-964005
-146180
394548
831124
-629666
745331
511520
453491
13560
475777
-834267
-428953
143734
-126522
-173971
346232
684821
-773630
-193206
-846430
592000
-906660
-232814
428630
873681
54206
-923988
14615
-416831
628051
16878
926784
-342405
-989349
-590064
-328865
-668285
-321296
-711156
138820
511760
893266
-208526
-37644
828435
655415
-829476
171875
453999
368596
-978328
231801
389104
343503
708483
-615852
-607064
-158201
-413554
-941467
579601
940003
768087
474957
-712377
-449341
428693
-2614
187929
-233485
72468
408031
638876
-749513
300790
-831179
479645
-619489
465172
183193
-801324
-854437
-394532
244196
-939628
388519
-17780
-285504
-479968
-890138
-647521
-897744
199371
449028
438740
510197
347697
831348
-791142
960465
-411858
60484
445098
-863436
417652
797618
-570241
-936833
-550221
-321290
780218
-562256
-358728
978379
-482067
383292
349746
640457
66126
258596
-920890
-531889
582102
866513
-443887
-311857
863575
-313334
650317
967695
696474
-956275
-88703
943965
-475443
972685
-70703
-153728
177517
354436
-533292
-494002
74566
-567812
-221868
-891916
-501220
-547004
712855
30902
145407
-908445
941188
-261580
-64103
248884
119395
228210
815133
-223395
-907873
962168
-46490
343013
271048
-25828
969607
-421188
-532390
-469696
95545
860475
-588661
-342665
823428
423841
-855575
-115331
41086
-10588
-337747
-133908
-366765
-284878
168381
-814497
-922148
964277
-761998
-228849
158228
70275
161949
833134
300928
-809194
186382
773604
509400
-201930
621337
-923734
785208
-309779
-182646
650623
587146
29626
-348492
-214600
-998694
-110186
-162655
853720
134442
921980
-776466
-682933
-191836
188704
481901
824882
-837406
-752753
130165
556999
193505
783301
814261
-383401
-605523
135085
-312712
-843077
-466965
680128
-505349
-833259
32821
-123013
-456367
-431079
-704883
620400
109740
-893992
-302929
884516
355315
710689
-778508
75594
-3197
-662711
921426
-599441
-358341
95394
767922
-342034
-809117
-776866
657171
-605950
884280
533907
353007
80900
566258
-206637
637094
-278349
-983394
532623
-495943
937762
221364
-264579
-958192
149044
226732
582694
942994
315145
-65243
-879535
-642098
-832248
-929928
93753
-232678
407582
487330
-144259
807270
497415
54880
701182
853681
-742022
33943
-412214
8980
-359856
722301
-896375
255274
-924240
-75883
-222067
452966
840988
-887045
570888
-967664
652270
-894668
-725948
-899918
-690194
-719820
302604
336585
889719
155233
802854
235991
-687496
428351
108903
668194
-807685
777566
-121090
-523996
-265456
-854642
606974
671827
65612
869023
169647
547738
344725
174896
-771613
-409597
-20297
790630
869272
715979
-214728
889173
40636
23473
-948824
-710460
-379738
-732281
-41608
-761141
374741
229795
476482
-726759
-800058
-639136
423271
579172
935145
-989038
-786742
348513
825840
-224696
66045
505122
-502523
-136567
592895
833494
-242500
474200
-344223
-686411
469633
519211
522803
-669152
-990243
87928
751569
159856
-696701
-49816
505709
-650310
-697188
-547227
-498981
-59957
710875
-592358
261853
-11285
-998636
-189024
355433
-399813
236973
258365
-104142
-553992
805317
-751570
791091
584130
-189430
889384
926579
-445032
-358877
-938163
-136939
-843312
198634
-900239
-374028
-878097
-7728
-929908
-290602
-743242
619793
-880607
470621
655594
875907
-455463
495689
-665793
716949
596
665756
-115900
-164159
632763
-114537
-583179
-254851
603732
-42047
-500922
-785688
-60386
-430540
-70502
558867
702116
132453
944246
401841
948301
266335
327863
262973
349379
566652
795646
-359540
-90037
405898
705993
-123714
-866056
-703243
-800171
627638
124443
-948583
610731
116012
582702
-752507
-964017
-943712
-207023
838365
-391468
135710
-988857
-789335
568947
455097
-844442
359211
712005
416659
975506
-255122
-876256
618412
710011
-930737
761169
462657
-343901
286499
-305198
43331
83802
986153
-593831
838614
255585
-902514
-153619
379168
-67073
-908014
-763618
-740974
400298
-29697
-748506
-740372
496768
-351669
102610
975071
61632
-904084
-108623
-789774
563727
260247
230866
706171
176863
683845
421791
219339
-592797
-947907
-262074
-952770
-994622
291300
320208
302949
418819
961353
-672232
577440
282603
129759
32830
-344288
879839
-156410
-163042
-117238
278790
354306
-54070
222817
-726013
-371537
529403
-989295
420682
-717780
778345
986700
490839
-30510
-840092
-686885
607972
979299
-510799
484884
566973
566081
382991
20675
-723125
827823
-876009
-363137
648998
684254
223289
965534
859661
54890
730920
-458394
750886
435423
204390
-810526
-834710
719793
130445
66987
-587807
555375
654586
-135765
-224437
-363861
296917
289977
161263
901568
-61119
48930
-87860
428316
-75601
-235982
-42861
281009
-907823
-933275
-174803
-397143
992300
-814014
-40513
-87291
885931
-829504
523080
895813
-16890
862886
199797
976283
233678
-202447
615061
86851
672903
613556
-671235
-536777
-855533
649414
675393
-879209
-289302
342233
-386161
122768
361671
43745
721723
541255
394185
253220
-916693
911534
-155397
311055
-73209
920266
-807298
545555
371008
-993683
758748
402571
-852519
-638019
-847903
-673947
-142146
135183
74616
-90606
480649
627411
-843361
-351477
-667973
-451974
109422
-62200
-625658
-23811
-235802
-668427
935967
-171565
-146688
886258
626972
-791379
573400
-76436
-976934
-721955
-978926
-725276