-17900
-22045
90914
-97288
-66312
-76720
-26588
-43507
-67593
33502
-14530
49425
6385
-24965
69599
-60660
64657
69551
-67260
-3411
-12308
-43260
11292
-1557
-82300
-4357
-52299
-6633
-77380
-18207
-99654
-97240
-39359
39784
-42408
57348
89915
-2184
-81806
-10112
59827
29338
-48214
58590
-23596
-94310
-76606
65594
72400
-91045
-53299
36895
13186
-51895
20022
2053
48399
-676
-84831
-43596
1071
2659
6834
97659
-59303
-73399
-65994
34959
72326
-76519
53726
96044
-84445
80749
-11907
-50101
-57190
-6269
31231
-56558
-62340
-53905
73599
-95898
-54070
-98327
-22699
-26758
78618
69533
74172
-73602
19905
-7781
-47693
-20387
-73136
46473
71958
-69419
-36937
-70682
-86276
16442
81563
14907
28516
57217
62774
-86776
-9280
85388
-90310
-36498
64783
57373
65891
-35822
32424
5217
89448
-36288
-95271
-91299
-62780
-78127
93848
-19621
50336
42419
30017
95812
16277
-11888
56865
82470
21257
-13614
75880
84487
-22679
13317
16836
-15132
17737
5325
6041
-27436
-29759
46335
-42248
-95796
93126
30245
27939
76840
78734
59511
13797
8088
44641
87782
95188
-11064
-1269
74411
2892
-70516
-77541
82782
-19837
4612
46235
-7569
-85997
-21359
-80126
27516
74742
78448
53766
-14683
27980
70172
82339
81156
-84403
92491
-13303
-16815
-75538
22303
-32997
-30704
-16488
36583
44861
-63810
-94013
-3284
-73578
-48356
-80326
-75199
92835
-11894
-80800
31355
-27011
38151
-49073
14581
94050
84925
83511
48457
51200
-81294
27052
-9907
94846
4831
73136
-57884
60183
37874
73395
-63872
79971
-14396
50244
20684
29342
15187
-39223
65679
-51707
23308
59485
78894
93798
3099
25058
-73698
80047
89011
-14201
-82413
-73465
-22216
31327
-68767
-17832
-86151
-28289
78786
49359
57737
-16699
79220
-70515
-33288
-98961
-24060
-57058
74060
3494
77012
-88188
10942
53182
68108
-53155
82265
-87615
-64951
-41072
-35220
57677
73061
-9734
82894
12766
75581
-88086
42524
-93411
-63421
-44191
15385
-42151
55387
75567
69457
-25895
78982
-41333
-3435
47334
70834
42482
-2576
-13832
-40425
-65674
63452
-70183
73759
34663
12095
39956
5191
13372
35146
69720
68578
17683
-72819
1307
83099
40170
-77814
90733
-19885
-52606
27062
-58292
81636
-73148
59181
24043
62858
31138
-19423
64985
-18342
77192
24515
-32524
68237
-928
80906
94081
-44345
24570
66517
-41840
12638
11674
-49751
-98556
-92677
33660
-14870
-80056
-98278
-55057
74030
-38069
-616
27913
10016
-83998
36542
-36968
-24881
89465
-4215
57050
-5718
-17237
-11791
-37869
45177
97719
-33187
-92602
-39195
87932
20327
-9276
-9679
54541
-34421
-73637
-4216
45748
31683
27725
6845
35278
-90852
81831
-71278
-71107
-25083
-20756
76222
-76054
-64633
41511
37533
89448
-68261
82984
94454
1529
75311
-10280
48032
59849
-32552
72719
-8683
-1805
-78154
-93279
86858
3494
-45888
-27587
99865
40673
7732
87816
-46543
-21074
5997
61844
-66709
-26864
53258
53374
8147
29675
37250
37260
-8098
33296
20929
15340
-31199
-67636
12014
-14367
97590
-25915
-78044
-93710
-76081
95197
-52941
41022
11347
-92786
-43927
-28074
27914
-26452
-57055
75310
91808
-12543
64466
-30544
-35889
80662
-19333
52216
-36256
92744
67018
-61687
27894
-90102
30224
-43077
-49479
-81508
15751
21860
59140
11241
-69643
41255
51499
-55316
-58875
33263
-5826
-42264
-618
-25931
-53493
-71317
41350
-12325
-26222
-75125
-81616
-25023
-87451
-63706
62353
71782
55901
15155
-79004
16266
-26405
-38893
-80416
45943
-58719
-32822
59762
-35299
-96081
73011
2927
-35761
15415
35185
37379
-44551
-84039
50152
-91129
-30109
-89202
-85982
-12131
1292
62888
39186
-84732
-97050
-10908
-8472
96293
-66615
88760
72524
-56544
18454
-1753
91271
2563
89816
-50324
-18215
71922
34470
-88729
-48926
-78864
75449
52002
-22549
13712
84135
-80761
-87411
59932
-30067
46006
1861
-84395
-5981
62915
40152
33767
27944
87008
641
58012
-42726
84392
71314
-62943
-18928
25995
93722
-34518
58046
-75996
-43405
-21661
-97935
-63685
75684
-87027
-5337
-56918
38766
74805
76166
68021
77702
95004
-55949
-8010
-33458
-34019
-12489
-34394
-15604
-91471
-53763
-61307
-398
-60944
-17002
-85151
-37854
-11674
-12920
-78355
-57979
-4177
-4764
-25483
96397
75271
55217
62475
96316
44516
99384
42306
96626
78829
-83967
-26989
13483
-33570
-40640
-24745
39747
-7947
-71756
-43908
-13862
60246
-28356
-79738
37701
91999
27492
5243
27997
32750
51567
-55108
3421
-3961
62238
-69124
91442
96417
96514
-2474
17188
64067
77173
92378
-80631
89978
-16270
-73541
7147
29580
84473
-3934
-68517
-27129
-6988
68392
-93104
87637
17343
67111
-69337
51880
46621
69029
20822
53612
-52718
-41621
87972
-42192
-10599
-28264
52947
-72286
-37561
-30613
78876
13197
45874
-99168
56053
-42789
73233
72573
-25992
6948
54213
56835
-43472
30130
-78003
24533
36460
-93563
-92949
-25280
44431
27441
-56841
-34477
-29198
-28103
-84612
-21022
-8491
69840
-62670
76155
-37977
-78704
71656
-95964
-69096
84958
-68926
-7475
-57799
22334
31411
-3827
-48030
-95149
-28756
-4250
-14759
82873
34365
62294
-74136
-34195
10808
-77097
72850
-67578
83289
-22738
-91613
8209
18469
-30759
-31799
-57138
-26638
68100
-34163
11047
-10383
45375
24985
10598
-69590
43004
32746
-20903
11884
-34926
90124
-34862
50578
-33095
-51854
-79635
25138
-33451
22820
-7367
35419
-14165
-7664
-32989
39242
4510
-91857
-55257
-34564
80740
41970
54711
16369
31745
6692
42050
-93211
-14382
22161
-19852
15089
-50263
37454
-95754
13188
70958
39918
-41082
99954
39781
-31204
-58804
-81438
77965
26055
84782
-88852
-82733
-10620
91240
-85934
-78933
71316
64897
-9986
-95827
22127
-6458
-51449
24767
2386
22048
-94471
84312
-31464
-46741
36070
-14388
41623
-93512
-79284
-46931
20937
-61721
-23743
85217
-33373
-7785
-51127
-73947
75135
37725
60418
8128
-16931
87889
-62307
-7019
99426
28078
-86023
97588
-88970
68189
67020
44219
66847
-31072
-51779
-61395
88612
69380
-51078
36770
98829
-59327
-97799
-28044
-30564
-26282
48527
7377
21156
8640
54302
75816
-25145
-14048
-24375
-30252
-40933
83487
-24134
-97152
-21608
-10860
96246
-69459
92598
-12087
74928
62034
87910
38263
-43552
-31594
92047
-92870
20179
99509
-5697
-61627
75586
-58805
-4846
26320
6270
-21075
-15585
96871
-58
-40483
-80942
-78782
80534
89342
53738
-51917
-46164
-50417
-53201
96453
65013
-21170
-50653
-78764
8873
-90166
20924
-85925
-29370
-81594
45964
-75253
-75600
33144
-63463
-17704
-70528
-40735
-36059
-87759
93917
94704
-1154
93151
-39919
-66509
-89499
92601
76027
-34210
-21296
-2335
79064
65836
4213
25169
-4378
-89731
-45304
22163
72479
67961
42105
-59084
-7236
-12871
-68457
-72182
-57725
66950
-66114
-51195
-24129
-69265
-40419
-21770
61228
-85384
-30227
-63415
-16833
77451
59266
55273
-82984
-56331
4165
-17262
14505
23408
-90723
13793
-4957
9797
46139
-33020
-90093
80370
-92500
58771
-29508
11984
61807
99861
-66332
-40145
-83389
-30681
76364
-34926
45280
50314
-34369
-62608
-85568
14874
-51516
86232
-8939
35588
17672
-99483
47400
99866
33688
-47512
65198
-42981
63638
-78609
-75682
-75114
-89366
3723
29609
46255
14523
-43468
79258
-9756
-73165
59851
38542
45267
-95572
-4122
-70494
-34539
-59720
94140
27200
-48833
21628
44394
89324
-60261
-43618
41781
-9701
-47590
21555
-71912
-29563
-18742
25759
65500
60385
67113
-61864
-91253
24848
19152
84825
-49897
-58928
-82684
70501
35902
86469
-25580
76
-4167
-2479
-22164
-28371
-76042
50341
12699
94717
41219
-1890
-5061
35502
-97566
96007
-2251
-45772
-9917
-85471
51519
-6277
-17101
-6897
62272
-15617
86178
66481
-65225
-50581
-78277
-46859
-60503
-82907
-94735
16653
-80294
-60854
-61762
12162
-1586
47518
5520
95450
-67739
69612
-86825
-66473
-71497
-37974
-4766
41720
-97320
-54728
-50728
-99684
-6520
70153
27349
58296
-63091
76557
86736
-18763
82185
31482
81892
-24588
-54133
-68296
5042
34019
-39668
-89307
-33759
76452
-66390
79888
80033
-95560
74594
-96023
-47275
-59466
-36883
39765
92134
-46922
-7093
-92210
-97373
-819
-82200
54025
-96902
76214
82319
-85454
71254
-47685
30780
-95833
5140
-36924
-31743
58072
11638
45819
-34330
-55687
15300
-96669
84619
-15540
29253
6592
21655
95696
50164
-96742
33056
12703
91878
-21568
-34518
97750
-422
-50190
90849
37466
63691
69418
-13983
-80455
60636
-18914
-32574
-85977
-88772
27207
-86870
-82666
-53275
-77012
78744
51412
94911
-87843
-86285
-50451
-34158
-46781
3125
-16222
53975
-45603
82375
-375
60567
26557
-78340
1577
60362
-67183
-12972
-19205
23427
46311
-6978
-76755
-35398
-74593
59023
33247
-19630
75777
-91776
-36552
-23453
75855
12440
-56491
-3625
94279
95222
60552
-66330
-12972
-34472
61807
53883
-79664
-42008
10311
19898
60485
-31004
23756
98384
8876
18429
-39191
17927
32684
-42174
81857
-81601
38869
-53064
-55305
-7606
-60488
-32858
-91979
-55552
-27616
27308
32375
-39498
-33394
55713
28231
-43127
37318
74807
4805
73919
9248
26436
44687
-31732
16780
-28587
54241
-492
-35965
96472
-88824
30544
-38748
71135
27058
88581
-41724
-6542
-16963
-80997
12186
-99331
-68003
90011
64309
85217
88443
-37290
8039
11227
-51712
-99856
-97071
-98385
-91971
29095
-39143
58783
34348
18899
-38663
91978
-9719
-60187
14948
16241
-38426
16069
26885
-9466
-32723
11872
-24136
-56902
46546
-89356
-96675
-86270
-58412
521
77959
73120
-37032
-79503
68855
33183
20283
91136
-27506
-9621
97581
21397
-28283
96092
-1026
-84674
-23859
73796
90822
26561
-58322
60843
-94983
-23247
-77707
-36684
-91250
5777
-95643
-59597
79352
-40410
-6080
-37208
46036
18312
-82268
-85287
-83289
-44676
56884
-597
7648
30304
28512
97568
62018
81592
47544
8572
52145
-23444
-95604
-79232
41489
-11502
-13261
60592
-53641
-51416
7671
42925
21189
35599
-22967
81892
-39984
-64726
-6768
-71986
91190
-87961
-17699
46857
55725
92103
45160
-76301
62424
-65589
28503
28741
-66204
-22740
55081
12361
-83609
51309
87914
-10158
-33175
45655
-22575
-73807
86990
-76272
25840
64607
-10200
67808
52276
42875
-4205
13560
-24866
-83565
19919
8587
90041
-49276
2307
-55496
60318
9786
51008
-44900
56156
45559
23882
-84946
88980
-17058
-19456
98094
-73075
-97379
80834
-75779
95969
53182
96423
-35302
16553
-36169
60099
-53209
-82217
-59278
40716
-89591
-65416
16181
920
81527
-90537
56767
40991
-5549
-28650
32652
16798
-93027
10523
-76618
9025
5483
-89007
67369
-56940
42426
-58195
-15930
-73699
-37847
31833
-3646
-35647
78519
53706
-35121
-89460
-10362
10815
-41042
-27077
-64327
-24241
19325
45158
16960
-41277
-90474
-76166
-8525
62151
8170
-3662
57003
74423
46185
-28999
-98228
-10383
-23371
-40391
29015
27169
-33073
-9171
25158
82674
76479
51715
70611
8779
63863
-40244
5373
-16370
86530
-31668
27279
60259
62525
-71175
-37629
21012
-40614
-81458
-2448
47208
-78040
39031
92119
35239
6838
-14776
12671
-97320
-58110
29342
-70310
-70557
-91146
93820
-13575
69029
-41985
-60186
70087
-13748
-98029
-27088
-9064
75041
57250
70264
22334
41355
-29525
16021
-87775
85650
12349
47287
71538
-83065
-36572
-64024
15152
-21980
17212
-35987
79150
20819
82313
69871
-25740
15424
6402
81029
-75225
-88938
-79507
-23343
-69755
-45488
-31334
-53896
-19384
-4063
-25019
-98652
44116
17878
-32316
-65506
-62564
56993
88050
-46612
-47157
40281
-50940
-29807
28741
-74241
75362
54893
36947
-45525
80268
-14776
-26868
13228
84468
-10656
-34693
9477
11427
53696
-24582
44377
26149
-58492
1664
10408
-95453
78354
-31436
48872
65246
44659
91681
-65104
-87202
78224
57542
-43429
24589
-26072
44234
46051
-47351
866
-39475
45182
33249
31429
11674
-84944
-6506
66649
27992
-60314
39775
-82153
61437
44554
97718
86148
-4572
45516
-38660
91777
-241
54147
21347
-82725
-28161
18081
14858
-4894
-11342
-59037
-59849
-38188
39680
64904
62953
46152
-21041
-32324
87829
16742
30529
17910
26891
82602
-90570
28435
-43272
-92306
99379
68742
-59044
25042
25883
-93593
81457
91565
-7208
24213
-44984
-98923
75861
-44431
-4785
39420
73747
-56581
-70411
16757
-34002
-12888
15047
61860
-2959
63637
-91281
55093
-34401
-93869
-37804
-23119
22469
98664
83420
-55491
85420
-45489
28602
-24179
54176
21398
-74774
18235
30150
24011
-70847
-42830
-24924
-95631
-61953
-34663
89664
25089
-36701
10326
-46171
16772
-67137
-87626
16566
72532
72912
-49224
-80235
-46589
4362
82341
-78239
-32991
-38019
17436
70476
97539
-56379
-51418
54294
11950
86868
-74054
44086
-39462
51863
-20498
-9800
-85452
-46092
36631
19343
3941
-44784
-45258
-11004
-9762
-86613
55468
-64894
-82360
18054
80717
9593
83626
-79718
-74980
-11922
14277
-87019
75065
99251
-28565
43490
49923
-41630
-4347
33425
-7477
-69246
-68438
-93953
49587
5779
61273
1617
32694
-59939
-97156
53583
-25795
12395
-63001
-93082
-17549
8975
-64117
-1034
91180
-75783
-67664
7298
17261
-54394
9354
-50234
44047
-94264
99925
-94223
-84103
-61197
29616
94908
14071
95015
-33425
-33931
29935
-73543
69823
7470
26465
-92758
-50965
-9481
19823
-51393
24592
-96106
17568
88012
-54751
-37012
18156
-57673
-3759
-19686
65247
-4992
54867
-36259
86590
98464
54467
2253
-79865
60355
74829
68963
45831
-8279
-69200
-27527
-5754
-56208
-409
-92736
-30000
62316
86162
-21592
-58335
29086
18848
36577
-9265
7984
-82151
-36175
-12803
-21709
-22398
-44456
9247
-95763
-80304
94454
33899
-74561
-44956
64166
-86596
3781
-71140
-47322
-73177
61719
17799
46288
-46259
-80182
-86283
-88054
18390
28596
-545
34622
13658
17533
56041
-78534
-77522
-64603
80337
2547
66424
69160
17402
15197
84830
-50691
41415
-74442
20248
-79249
16354
-82514
24011
-94359
-64545
-61060
91983
-5753
-96756
-12119
57199
-81638
80591
82393
45970
79541
-41355
79004
56165
-66731
-36974
49654
-16448
-78227
95472
97920
-35644
40452
-83780
87156
-71366
-98677
40424
-69360
-84974
79178
55021
-30579
-97596
-41002
72690
82070
6169
-67338
81683
78192
-23759
-71
-56088
-86530
-12642
-76846
-79418
-42138
-87647
-44983
82900
-23279
-89715
-93717
-95921
-93877
69859
-1496
66774
88015
88114
61041
-254
-60495
72065
-96649
65075
80648
67736
46328
50852
11033
2372
-8434
-49748
16976
26567
-71504
-43572
-95141
96806
22325
-51433
-90892
-28162
-73445
-27671
24503
-54596
-467
-17149
-18148
-73942
-87311
-73799
-29179
-71310
-53077
5998
26933
8983
51155
86921
11567
-54749
4712
54607
69130
-86820
-40433
36176
19984
61698
1336
-15718
-87602
-43894
69235
-34472
66042
65777
40519
21208
-82591
-10095
9157
-86269
-94208
-88552
-66645
-5763
29747
-87486
15445
53081
52354
54007
63725
-99039
5425
-1146
-13567
80953
-42968
-26615
-322
85420
68355
55162
-32305
-55662
34674
-61032
17221
-61870
-45867
53817
-86392
-7281
-34474
75814
-60510
-16364
-5799
89911
80634
44434
35397
79473
-30939
45218
-75918
-1504
-311
1217
54010
-97238
38868
-14198
-22592
1556
85054
78217
13650
81163
8524
-7292
26156
42585
74272
-89812
44931
-90654
-97752
43011
33393
20765
-83246
76434
61446
54763
-40478
-20674
-22906
39326
24020
-45033
25092
-61939
-2802
-40438
-29327
-37841
11566
33300
-38715
17659
-64211
-35589
-79998
-34974
-28161
-87079
-76290
-26991
17329
-54469
31182
38978
58612
-9705
10593
-99848
-70985
26674
40809
-33419
69231
-89534
26281
22655
7894
-94310
56759
-85836
48586
64327
-81753
83905
81806
95214
-53841
91721
-78944
-31831
-43167
-9610
58444
-58810
-21427
92583
-3530
-9491
74721
82148
-1061
-74826
-18489
-61863
-99015
-18825
53239
-56995
22229
67582
74306
97519
25495
-98098
71554
18261
77373
-31058
81641
92773
-18438
50133
1866
-8863
59386
60837
9474
-44270
-51184
29051
-81549
76537
30572
81283
57565
42330
-58598
42375
12901
-79634
-81842
32049
72472
-62958
69122
-75951
-99609
55650
27630
34644
-3548
35244
-94724
9120
54212
-27594
-3689
45358
78430
-75223
-24851
-62129
60419
74398
70571
-57491
87820
51186
99278
-15536
60916
-61869
70121
-20853
29441
-24325
55028
50178
-35356
-31583
-71917
56699
-45065
75433
58616
-20957
18611
-61032
99824
-45231
57164
56352
87679
-51319
-18331
67358
-70322
98587
99580
18928
616
-9215
46369
-23594
-47121
-93868
14874
22232
12155
-65197
-37742
-34547
-50661
9614
1374
10136
90352
-18785
-19031
-18406
36395
-50702
-65161
4841
25082
-86001
-46231
-85027
-89982
73931
36214
89133
-71195
5963
-49267
-78759
98344
21691
-35592
-13800
8947
29254
23382
83978
-97910
-1156
-75658
-98402
-55321
21568
61139
-82479
11621
-85888
33706
-17314
-72741
28239
21096
-76790
78234
-73522
-99527
70072
51353
-30591
-54595
62609
-19310
79031
-5594
8754
-6762
10865
-78948
45677
-32421
9238
1254
26117
87654
-57881
46056
32950
-17791
43195
77808
68372
10703
-49923
72877
-13491
-71438
-80926
-77534
-74554
-61526
17591
-25485
-12774
-79935
-75285
-80445
86806
-55627
93474
-61764
-20970
-66709
12680
90262
-95280
54922
57173
-30893
-73263
39325
-21819
-44661
-88422
-45739
13394
-5523
46235
-13700
34407
86101
73038
-51869
-74225
-47575
-60360
71245
15540
74420
41522
71333
-55710
-90298
-77255
-55474
83092
80250
19744
89025
-10020
-43434
77559
-82083
-97975
-53578
-52428
-81715
-98048
-8369
89625
-80092
13033
11382
-97560
96040
-97387
60134
-71476
29899
95039
-11546
63334
60891
-21621
9738
-70668
34163
70350
9633
10889
-99939
87162
6002
-34767
89892
-96946
28293
-65566
-15637
-37909
74684
61559
41623
74118
-26524
39086
-60523
-57108
10705
-45725
85795
53509
62006
-54074
45566
15207
-98574
-74408
56733
79597
-34510
53596
39207
-19483
-81875
20633
90073
-84747
35898
81786
-49759
-77461
64767
57702
-94176
74532
-97673
77836
-13683
34952
29476
-28224
-37846
34895
-16429
7806
-2458
10188
-70670
70142
-32072
-89412
-39739
-38830
-2219
92275
64327
40399
17291
651
-75645
-1378
34681
37573
64088
-48702
-16573
-8906
60143
-53077
31775
70430
64319
69251
23349
61304
71183
-33031
-38645
-12662
-95551
33890
-70932
-76927
-34468
-76354
2662
61139
-97457
-46677
-72745
-42731
75217
54064
-63726
85864
39262
2114
-94732
-88150
-97184
55617
1584
-36828
28134
35196
-73247
-96210
-80049
-34790
-57586
42322
-88734
33079
-90355
-68396
16712
-63612
96204
87261
-90835
82299
-29240
76818
29541
52478
-29653
-95210
71844
-37553
70128
-44900
85414
6998
52237
79780
-97712
78718
47039
96599
-46551
-97940
-93807
45170
-50186
80983
-26627
5900
86875
93266
89913
-22084
-54177
-13061
64262
35712
-81132
-77210
18795
77532
99451
96262
80672
65319
68855
-49285
-95153
-44442
-53042
95166
76219
79480
38880
12670
90415
68562
67560
34577
7436
33668
-56766
21015
-55913
-87938
80348
89216
-86417
-17103
-14854
11072
85776
58443
-19101
66047
87349
59900
67277
-71483
-96630
78043
-11786
-14117
87102
10797
-90693
-78997
55323
-22271
-42055
-85129
26046
80410
-37047
70872
-53860
62036
16368
6500
66435
38494
87668
3515
70782
-21618
-18909
54894
-53956
-75495
72320
86739
76873
-81273
-33149
3641
-86265
-72442
-59307
-18140
15704
-53594
-20337
-73983
96999
-2796
93617
-73534
-6595
81046
-33958
-61246
-84493
60780
65124
64404
-72827
-9500
7395
80298
-22121
92695
64263
30740
-27485
-25899
-1219
-72836
-86001
-40212
-57132
-28543
72615
-76714
-68792
39877
-98814
-88460
-63112
-77535
-21303
-35381
-50152
-69276
-6089
8704
-63778
64411
79799
54791
66831
4410
-48043
-8944
-42946
-22014
79718
-59842
37582
51973
46419
35462
53880
52845
-54425
-42935
91060
65823
-77000
-37590
-82647
-30696
-57325
-60417
20393
-84761
59786
-55488
11651
36554
-11849
-2027
-33562
-33928
97315
18498
-51333
47487
30155
93245
36915
43196
31994
14754
-95252
4294
-71374
29304
-65969
-14122
-56618
16733
44524
-77997
-65930
24462
94541
47833
83099
-92881
17005
79950
-30030
82773
10482
-91220
59877
78945
-87177
38189
-86387
96999
23355
38818
-28816
-61179
31017
-5178
-20964
-84148
-52484
12501
-79200
-26231
70412
-89824
-61437
-87977
-32566
-2310
21294
-44863
33428
-94840
64968
89268
-48288
28231
15161
-67441
-15018
89246
68927
84973
-97759
-98782
74979
-48800
-3880
29647
80247
-16416
-38204
36639
80256
26186
-85847
-48908
-38395
35993
8607
56509
-58414
29732
-65362
65431
5315
97407
-80883
62083
60052
-67038
91117
99883
-37147
-20849
-71674
26798
-10658
52458
-1522
86066
-7514
-50088
-85708
1543
-11272
-85519
43505
98618
45377
4376
-46173
61096
82727
70678
12370
89049
-28799
-85726
83062
-49459
87548
93057
18786
88016
20162
31994
20957
26982
23139
-16190
-14394
-87054
79431
-60793
14188
96048
32880
-25502
58139
47704
3168
61416
76251
-80221
47526
-14369
29756
-33049
-15422
56989
-45905
-30
-52068
-21882
-14969
43021
-32205
87721
97850
-34199
23386
48241
-72918
-44815
-87271
62944
-62109
-14182
-17783
-36823
87202
-16451
87309
47376
46268
-82833
62377
35865
4640
26250
63009
76628
21875
26051
77038
-44401
-96707
-72706
-98961
-78870
-77147
86287
-96885
-3120
-65391
-62800
53909
-49146
-19203
-86142
-59375
-39610
57411
-32769
-12585
-31732
-51163
-40705
74990
-49134
49373
-1986
2474
88614
36742
-25962
-97419
-3437
-66995
-54185
-59455
11858
-7331
-69642
97005
-87078
-85328
86139
-27545
75806
-40208
11528
-83037
67817
96781
74812
75007
70873
11022
96174
-87019
42927
92640
-36887
-91792
-80221
-75383
-94896
-50138
-7196
-24328
-29433
67713
-46569
-74826
-43579
72445
-41210
-64139
8264
-13695
36294
93521
918
88685
88987
55412
-57306
-5767
-14800
20847
15473
-64477
-14583
28607
-75150
25713
55157
19671
-90194
-54696
-38912
-33641
98959
-10059
-91005
48486
30956
14221
50609
-51416
-65533
30446
-28108
12430
29562
-18799
57819
80792
-91216
-32529
-45350
-82335
73681
-16925
25011
82783
-33047
-83577
-64049
67353
90250
61953
84205
55136
51734
45426
54972
91442
18972
24559
-90518
10019
86724
30679
-42993
-48053
43901
96625
90332
17252
5832
939
-42905
94819
-99331
74372
85137
-44987
-322
94247
72891
80898
-68860
68405
66381
2212
-17012
-68606
-62602
-86485
-82444
68014
44187
15980
18294
71068
30455
-50820
6619
15655
69766
16504
-70271
-70375
27408
82299
-26257
70322
-39515
37037
6762
-31364
-24491
-43856
95489
58977
-54904
-55888
34484
-42684
7266
33659
-17167
-64671
-97187
77985
-41617
63821
54594
-55894
-83583
12428
4128
-4652
-68395
58519
48782
37595
-51716
-66398
36177
9305
-71129
95281
-61200
-57193
-40422
-66951
20952
-95588
-7436
78361
-80759
97980
-4530
73772
-87008
34292
34063
9614
20876
-47074
64788
81546
-16134
-95112
25121
33626
-19920
32414
-84157
-22749
-79697
-90656
-57336
40071
-42619
-68127
-3980
68314
13103
79125
40403
-61792
-36850
52367
-91361
-73478
-92640
47102
2128
-29966
44873
96040
-66615
-81026
-58426
2102
80533
7746
-5471
89609
-14472
32862
88231
36904
92371
10974
16734
75795
-76406
-51668
5590
37501
-83847
-66306
16611
80268
-78738
96171
27436
-38273
92225
-83981
-51
47963
-15938
-648
-57870
-35114
37515
6738
72672
-65308
-89304
-9634
98028
93526
-52773
59973
-36791
-40815
-14316
30853
-15129
41022
39812
-23883
62929
63962
-6273
-54782
-27128
98279
-68342
64457
-60107
5958
77589
-55425
41956
54004
85965
-22456
-85496
-84369
-63294
-10633
-54518
-43775
19499
72719
-3715
82391
-94295
54782
25126
-62385
-21275
-71422
57580
31002
-21407
-50960
57325
90883
20908
38377
-16540
95717
-35474
-81655
-39019
40815
-6690
31591
69886
78625
60381
-30300
-50989
97472
-49309
89248
74144
-4383
-76304
32555
42369
-98032
22134
4702
82097
-93848
54260
-42344
47406
-43295
23102
-25149
23903
6447
2469
92522
69489
87655
-16692
-13852
40266
25740
-2376
-91422
18265
-15091
-11397
68797
-66147
-28145
-5072
-89907
-85341
-50838
28686
21905
-95444
87814
-95047
69688
41790
-74091
-83970
-73010
54458
-41383
93663
23348
85816
43193
1545
-82036
-82655
24030
63522
87569
-96988
90294
-71060
-43786
45310
64898
-98923
97636
56514
13026
43901
78079
-44360
94107
-16369
15703
12162
93510
-22045
-6987
-54237
96131
-50627
-54920
63520
883
-21791
78321
73979
-18878
78676
-32761
-87091
48783
58525
54453
12267
-15232
83682
-92907
-29465
79188
-45457
25217
45301
-51134
75151
76118
-66856
-14401
99876
-40934
54816
-14580
-96881
-13581
14181
27537
-55839
10906
-75384
1139
792
77578
62623
-6403
-5397
75971
11666
-40546
-81012
-58235
41589
86636
35029
93756
7139
-9989
59874
-89499
-84071
-88692
95397
-34691
19381
-37740
-12624
-29574
78756
62867
50052
99814
-55709
97379
49324
36729
32562
-71929
66492
53755
95521
-65034
-88041
17374
-32056
-48646
-76495
-76419
19327
-37889
27976
-77474
99309
-35251
73037
-62402
33177
85772
70671
52153
83777
90596
11238
95401
-69932
-65818
-18399
57925
-74841
47788
7100
34256
13381
-27044
31467
49595
-93170
-80312
91966
-26977
-46899
23226
-31320
81098
-62519
-79661
-95606
56568
-70357
-15428
75267
21323
96599
-39391
-6616
12727
-22678
-83597
68971
-88019
41245
-89506
-45428
-40789
-97036
-5581
-77450
43857
-97461
67851
-15989
-30262
-24328
-38869
-51678
-32704
18767
-29378
68563
35980
-98865
96556
7256
21186
2437
-94042
86711
16455
5552
40564
51414
44510
65817
44679
-75051
11130
-57828
41484
46525
-58448
1688
-59645
97179
29240
-66740
-84077
29171
-84992
99390
71606
56045
-11044
-97910
42188
8941
-94762
85158
-54326
-36338
-45147
-72126
2723
23305
-80914
42280
44716
36771
-56101
27695
-99321
-18218
95776
15382
25611
10714
9477
23731
85256
78729
-15462
29457
-1729
-81497
-30869
60379
70182
-25337
-700
70831
-54817
-67575
-95171
-92272
14639
56684
-15169
-50552
95127
-9365
-89536
-53516
1340
19137
-43581
42164
-98968
-77291
-62500
22818
-47498
-35152
22231
92902
-51303
-43614
-44773
-81
37107
77296
2782
-87983
-29400
-32487
-91158
48124
-91459
-21088
70929
5364
-42700
-71523
8194
-84906
-41342
-30816
-57871
-65331
6764
94522
28457
13484
58425
51812
-19955
69963
10580
-6930
-72971
80075
66046
35330
-97370
-98285
7620
-9471
8015
-16150
-34558
33917
74687
-64325
-86166
-84570
76040
-40239
-76931
-62824
-50539
-45
51292
-10727
-15484
6114
-66357
2254
-92826
65223
47480
-3734
-1522
17696
-28421
70664
9031
-76782
-11293
16966
-54459
69671
-253
-68652
-72031
-17074
19342
15668
55872
43616
-82324
-69178
-38986
77517
-19209
-20306
-22388
98877
69485
32033
8549
93108
23726
-73280
-75157
-82887
38452
-45327
-62515
-30694
-41897
35985
85801
37851
67534
58395
71509
-41457
-52113
-96956
-15730
60393
9604
-89369
16729
-45311
69726
82592
-31672
48250
-86478
18825
95372
-29292
53281
-56252
-29971
1628
47577
-90097
30571
-24669
-38573
-5398
3891
-29679
-11010
-23577
65916
57180
-70041
41147
59951
19434
-29975
-12782
35622
78601
9163
65720
1574
5662
-34750
-42182
49675
-19642
57040
41077
16384
-58431
70813
67060
52793
-34461
-2835
66364
87167
79017
82154
-8403
-32149
39283
51427
8297
-76251
-95668
17804
-96218
26183
26192
14720
-52735
29429
33885
6851
44724
-51740
-58938
-66756
52258
-33803
-25125
54117
-95920
35486
-13428
76254
-37361
62382
-13843
-43480
-9683
15762
44527
-98470
-52048
-27272
93788
19470
-25139
33811
72356
62433
-9342
-93554
78395
54467
81581
-53695
5897
-77439
96482
-8786
-87944
36410
-86710
59400
8143
-20486
-3785
-48956
56108
72054
-43095
28280
52042
-37397
77074
-20771
87900
-49752
45916
-99598
7089
-17791
-14879
28170
-37179
-77919
2449
-30782
-16553
76163
57287
-96527
-9761
-21529
-99924
18449
-8400
-34461
43027
49449
35949
76533
86291
-21674
52938
29698
-922
-26948
45695
-25715
42708
55347
46313
-24019
-23305
62241
-30375
83825
13593
-79958
-96864
78765
61391
71929
-35494
-37450
-22895
89525
-33240
57295
-39675
-43748
29906
80294
-93319
28818
-9996
-25361
82551
69079
-21084
18777
71036
18671
-12509
8264
-10747
-59020
29776
4607
-36205
-69827
51133
60991
-31027
-74752
-51160
-45394
15114
-56579
83886
-15027
9729
47189
-15770
85036
29049
22045
-84857
52316
30163
-72183
73460
48589
35917
13680
-26971
92709
-88606
21656
19449
-8535
-21189
89251
-74058
41666
-37507
-40010
72993
-58321
13186
39289
39095
19775
-55213
-77121
-4578
-15606
6559
98554
-65797
-9296
74170
-80063
42046
23182
-44669
-80702
70139
9207
-85022
-2865
57351
-44174
30551
-68468
21216
-2039
-59792
-3328
-97680
-11862
-96356
59812
82054
-46284
84828
3362
-76288
85817
33994
44251
84337
71496
11504
95036
-58481
814
-64695
93470
45915
-4265
-73714
-40265
-62106
98978
47035
26265
96752
-66836
21887
-83480
73774
-63995
-55384
-53075
-29014
-16482
-79989
-22337
-37834
-92431
52439
-54896
96535
21824
9378
-61639
-28669
-78079
40962
98910
71634
30937
-66462
418
81772
-91207
-13965
82071
92862
16189
-27082
94404
-7983
-33862
80166
-10210
-10288
-4279
22298
49084
68756
-73871
63633
74735
-76363
-2206
-65481
-23234
-50931
97997
-29506
-26862
3189
-75406
-54093
-62808
-5863
-40641
-62047
28664
-20366
23222
-13352
-61275
-759
42269
-77927
-1350
6079
66152
-66078
45687
-79469
480
34666
-11458
-5412
-79625
50970
-21614
8263
46886
-19752
-36766
81006
8430
-87359
37916
18582
-73517
78463
89206
-64369
-94546
87891
64561
-21761
16334
77676
57843
92826
-92307
34126
99909
52843
-32283
-41312
-2373
59242
31087
71947
-2861
-63716
-96651
-33344
44652
47363
50870
33891
-42108
75973
-63643
-68737
-26290
22229
51107
-76344
-11628
61553
-92347
36075
-59725
13532
-89538
-72935
-30497
49801
-38394
-7105
13208
44273
-30804
-27003
25964
87053
88919
-7930
-1069
12855
-75802
60487
-21598
-93285
-19521
94720
-90363
-14905
20433
-28504
29559
47205
-91910
-5399
24947
6189
70062
-20082
-22964
-70900
50524
-63389
-22634
11238
-3761
69203
98430
35725
34976
-49113
-64105
-54293
-81182
45231
-17965
-55265
52239
-91903
82731
8698
16285
-28346
53939
-38164
54075
-20085
-10109
-71711
-51632
56725
39499
-17924
59047
59697
34262
-48022
52203
-31243
14783
94577
78439
85711
-15051
98012
20285
-90025
64003
-71082
-42818
-75541
22394
24242
-84930
-13510
54986
-57508
87145
47582
-13175
-38153
57788
-10613
-25854
77727
-63573
-3866
41565
47602
64858
-76286
10168
-4734
34792
-17960
84485
-26351
4936
62706
20896
-95926
-44595
-89650
-45731
13484
69612
57014
-70370
-9849
-25035
36817
94463
-1242
20212
-70845
68362
-53797
57288
87140
80281
37977
-84418
22510
29193
28797
-98752
49929
-95743
93707
64546
-46445
55279
-30542
31504
84465
-87098
99491
-26639
54940
-1132
-28227
-48170
-83683
31058
71463
-58448
-85822
23005
-50661
23241
-69013
15140
29969
74001
6780
-87107
-56457
2101
64613
-89231
7552
-11368
32631
-85008
-92242
-10870
80222
-38288
-89904
-17035
-34040
73892
60108
71793
-1064
49352
32372
-834
-95973
-20903
43624
-32307
-86348
-76483
-80887
-66362
38218
81028
-77353
-41260
-97804
42
-71992
96680
15461
-32503
-52517
-28063
-33775
36392
42112
77432
-49645
59104
-91072
-81307
56003
-55356
44362
45137
-24576
-54208
-22807
-8002
-35491
-19575
-51517
-7631
49827
-7688
6958
73979
91483
-38752
-2577
39678
-18375
98627
57668
34137
-48503
-77614
5628
-45345
-67019
-78039
32392
-66460
-90317
87758
19821
76315
7130
-67745
-89791
49991
-24644
-68705
-89013
89879
59927
69350
-76765
-58519
-94226
-39356
2203
8137
2445
38654
-13141
-4701
25612
78960
-52725
-12167
-12363
10125
-14765
-8769
8230
28901
63198
47546
-82535
51502
-58567
-35254
-97319
-63783
-69472
-16117
94110
-19088
76301
32461
25528
-2426
-62096
10145
99572
-54683
18473
-51877
89166
80698
-98738
89713
53054
-9517
59515
60191
7201
89708
-37874
94577
61793
-2740
-48523
41729
9676
-21082
67468
23406
75201
-60149
41904
27275
-57715
84530
-32740
-64077
35729
-80556
70061
-30751
17607
-85005
-42637
-67521
24125
87940
-40546
92339
20351
-34241
66681
-27993
-21149
45780
17790
-90252
12137
37520
63445
-32951
70595
87289
-74786
-13271
-93304
-74185
97040
-81217
47957
-14382
44268
85907
38816
-76000
-34286
17570
-37072
-17159
-83980
-65390
70429
75294
-21093
88593
-29646
88917
-81600
-18327
32345
55874
85285
-4995
-35300
61086
-24292
25339
95439
-64518
-98111
-53549
29834
37341
49669
66967
46699
60438
62620
78742
55013
40456
30917
-49753
-30281
-99692
65933
54638
5662
4566
-80915
49403
81070
-3364
39443
-45296
69977
-608
-75641
-93628
39517
-97925
87919
-72574
31820
29742
8528
10042
27539
63283
33427
10248
41745
83703
-72788
-44559
20733
16312
-10750
-93903
-18365
5425
-63263
82474
-92296
-91334
38673
-50141
24032
-30700
-77097
-4380
-37246
-31692
17551
3481
92059
-42055
-32769
-71285
-87841
-36422
13756
31039
-939
-91778
26662
13095
10311
-4840
-29890
42033
79258
-80830
-21211
-52350
55476
-63759
72549
95714
52908
-35362
-29782
-83658
-96228
-580
-38070
-94173
-65302
-99053
59775
-72281
-71687
-57026
-51006
30030
39938
9487
-19647
51250
54541
-89885
57232
-55081
-9714
-94931
7479
-82650
89502
-15192
61143
-44527
15338
-12163
41463
52846
13449
13565
-32739
44354
-22670
-92438
-54942
-26859
65592
70517
57402
-88698
-38349
58012
48697
-29386
75285
54507
-84847
-30712
9170
55183
-79439
78161
25415
99712
76126
-78400
-10572
-45854
87283
46569
-76599
75982
60530
-16637
-37064
-46496
40698
-10150
41753
-17251
20704
13433
-60872
86807
-91303
3979
-87227
79131
85297
-4917
77389
60099
-70304
-33652
-11160
10049
56187
31894
-58150
58680
27725
-36208
-47632
90867
-41743
60876
64770
95591
-5147
-48370
49680
-41369
8665
-43457
41554
41159
48346
-95537
-12244
28291
-72712
-83207
-79932
37808
-84098
13897
24393
21483
-70696
-39345
-19257
86629
34698
1963
3505
-66226
-4826
-28768
2955
88671
95572
-28732
-57441
8802
33869
36770
-25853
31876
12588
-8787
-67252
37736
85743
40846
66132
-64111
-25410
-51905
-28760
-77870
-61214
-850
98025
45286
-58825
-53353
12908
-3110
-46975
41617
-68684
69611
-92024
40897
18503
91561
-16646
12720
-96170
57571
-63529
8297
-49947
16455
28912
-83929
3471
-37922
-46210
-45282
57560
-35970
28436
25838
30900
47828
93290
-69961
32786
88366
-14059
88600
1655
-35413
87485
-277
-48883
9051
68326
32749
16690
-89941
60772
-93106
-70016
-12362
-61704
37291
-39401
-52203
-85467
43547
-47396
-2378
-84671
-83184
-21314
-95569
-57027
49726
-50027
47187
-22330
-70225
-44062
80319
34064
50219
21175
-25243
-58844
84401
-3043
24625
-12976
-24890
-51310
69234
56794
98718
56654
99941
56847
15264
-46805
-1294
-45357
-6860
14601
-45484
-9053
42895
76572
-58967
-36099
-92040
69669
30360
-6718
17973
46306
94444
97097
-46470
-43972
98335
-53912
54124
-16071
84238
25166
-65840
2776
88139
73057
81117
-81068
-54135
82308
-67667
17054
71388
84339
15271
6227
80454
46937
-68124
-23374
-92811
-79451
-41917
57355
37348
-32607
62337
95319
-93194
26954
60385
-92156
-81797
89812
-73129
65037
-92391
-90432
443
91278
-16402
96361
86226
45341
79646
-49207
-71737
-96239
-77774
-78526
-37473
2232
73912
96010
35720
53309
66572
8993
88864
-30683
86128
58750
-23611
-15463
46787
36891
93783
-93328
-52254
52166
90222
30863
-79097
-33499
-72729
46272
17979
-75958
-88253
78388
9602
86227
-87484
51388
99621
-58568
-86606
-95139
-47588
49079
-75535
77858
-99630
40777
68227
-91696
-4822
18555
-47060
56352
-44464
-27676
47339
73919
-32296
85528
-99257
10919
53760
-46259
31155
91463
-41751
-40358
69677
36967
24487
-79693
61429
-71365
-26755
95026
200
-82184
32111
46257
95283
52369
-8457
-3077
-87103
29556
-36708
-20659
-96719
-49902
21300
-79999
84494
-36743
-16501
-95460
-85293
5071
-11099
91123
-9293
57371
86552
-99998
57040
50727
-54207
-79980
-58039
12236
53654
-40536
-33166
-88759
-61990
-37500
60115
-3354
-6915
78030
-99644
73305
19362
-10193
-14103
54056
82090
72753
-74514
-49131
91811
-31142
-28873
-9294
20546
-98996
-42640
39811
90342
87618
5997
-26572
41454
81665
36053
-95313
-17233
-13894
-22141
4553
49846
-1691
-49897
-89913
-87668
-97132
-28368
-38636
13257
-4816
-78228
-95002
64444
8421
69636
-55877
40841
49465
-58012
-60809
95661
-3197
34155
-11480
53943
96414
-5782
-3819
51999
30372
63341
26457
-3082
18791
-45482
88073
40176
-99184
-68226
16104
-84873
38325
-69719
1856
29554
1556
-5885
2938
32117
9717
20074
44480
11753
24560
-22221
-979
-34850
57510
96264
-40199
-28309
-27121
-28188
-8677
-66466
2515
-76128
44064
-73143
11172
82279
82374
-69556
-20388
55224
33690
52514
-95203
42891
-27014
-82657
-20284
22958
56216
-25439
305
-35388
42561
16458
-66238
86336
-50963
-58607
-15125
43760
18680
-34212
-585
-48902
81520
24962
-73193
-11511
91789
-83667
71752
-40394
-20088
-78025
-24973
-48865
-49563
56320
74419
-49959
-9178
4833
-60509
15357
-67654
49418
-30425
-43841
-16337
16192
-96599
-60309
-47523
14194
61101
449
55750
-51448
-22076
84552
22553
-16709
-87401
-29931
75970
-83493
19390
-47439
96043
-18093
-94846
77042
47585
-57679
-10530
-99006
10554
88260
-2051
94779
-42558
40021
-45343
38977
10618
30575
-14790
50999
-35282
-48749
35468
-61310
-25970
-44733
-64933
-35939
22537
-6791
5900
90087
56938
-75824
86154
-31677
-48103
-82052
-19792
-88705
-4515
94080
-19509
-73699
-8640
92817
91242
34836
13357
-59789
-46601
-78914
-43942
63435
52903
-88110
67338
-91969
15445
6165
7792
29212
25364
68529
-18255
94294
72905
29662
87465
-34073
-48823
66791
2682
-37429
-36749
-2844
67997
-59362
45914
-78419
-88014
35488
92050
93370
76653
-8530
80231
51939
33644
-80728
82084
-53497
64143
58088
-30246
-25601
12447
-75449
-31120
-56661
-96129
14021
75864
83872
23747
7394
30673
-32917
-43700
66737
-32833
-99248
-21372
-46997
-55885
65666
-21720
70271
-25823
-6923
89300
79758
61940
-42746
65693
-95515
-47641
-55084
64789
80290
66450
-55989
-57261
-47164
44044
75191
-9920
44880
-47229
87632
-94741
-23491
56741
17829
-28977
-5495
30818
16669
99952
45222
-75180
-31132
-45650
82182
-61206
59040
40502
51042
66104
-91799
-55248
47
-66559
97353
98413
-13131
23865
-87201
19904
64238
-57159
-75725
-84323
-7161
97396
85924
-89513
92356
18002
7502
67615
-98126
78901
83926
82841
-82080
-4330
-18706
54549
-36606
-2121
-50256
-19263
-99358
24712
-87207
-99551
7065
-45075
-75851
-92743
92475
-43407
-75272
52229
-32710
-15824
-81523
-70113
-1568
-65047
-62813
33711
-62219
53909
64973
99198
-47871
-11619
53665
82697
33545
31535
79753
78450
17925
2725
79426
-51541
-19249
-2395
-82424
-38384
-40361
-14399
49678
-19246
-52579
35181
-94490
-5446
64994
-52833
14982
-91005
-24871
98732
-81018
-42813
-38028
47076
-17519
-11934
-84847
-42951
65477
-61909
-56942
-2273
83219
-42053
41585
-585
73524
-95217
76531
-77859
73686
-90960
-12571
27920
-46337
-85890
68685
-10805
45378
-59274
22489
40731
4126
-22521
83944
25302
-5909
-17204
92676
-33429
-75870
-75638
50917
68562
30548
2225
64518
-59396
3902
-95309
-48126
87510
-56848
47700
57436
-71881
-25811
-75757
-51792
-33928
-30759
-14427
56546
-60960
-20999
923
40659
-61801
89177
-16970
30141
21498
79702
2050
-67739
-46911
21898
28443
-84811
8807
59564
-35496
-22711
-9786
-68043
-76135
-82255
-29053
84694
68417
-24067
78400
84055
28875
43447
-32689
-22019
-62286
11100
-69956
52299
-31196
9673
-52954
-76482
-80420
68204
51972
59289
-49065
58748
-31923
-33216
-67850
-45558
15845
-66802
-88487
-28374
-75948
85621
71935
-36013
75323
49162
-22951
85075
-9545
39903
-61753
-8527
-27054
25084
94985
-12531
-32275
-74645
40160
36057
72472
5534
18632
-21850
63911
15554
-6286
-26830
-84524
-50961
15361
1187
-95984
14122
7571
-37310
-83911
-12573
55877
67696
71382
12599
67541
-64258
-27717
-55007
3742
11495
-47983
-40102
-51039
-20358
59529
39956
-73545
-98433
85571
77527
-23796
9526
72805
23937
-55841
56679
-79813
58861
-17926
65930
44254
60528
-21117
-74106
74609
61018
-58498
-30379
-56475
-12110
-48190
-86915
4450
-72618
-84346
-80066
-89476
-45548
-66242
-99142
-74112
85489
-69232
-72583
-60639
-67682
4257
-23053
83476
42857
93919
46768
-61895
-21242
-27869
-41271
-52469
-96969
69705
29544
-43088
-53219
52380
-40961
-6152
81979
-70234
-56806
-53319
-91249
18757
-20737
-43940
-51026
79133
56578
-62658
45738
-25409
-90496
-32545
-2216
-70862
43410
64684
-99227
-2951
50592
85573
89005
19154
57273
34687
-31990
79529
-921
-38288
80404
-74939
32496
-95181
-25677
-38038
77271
-24784
-93526
16568
71815
-26535
30901
-59939
-52055
96884
47803
-22627
79173
-8878
-62469
-3628
43326
-32780
-1011
-11668
5032
-66630
20445
-19229
71283
-31344
57850
-2872
-55297
-70228
2716
-55252
46266
-56968
60527
-12063
-75955
63999
-8466
76119
63518
73111
-58048
17816
-77343
25911
66301
34990
10150
16326
55180
-51755
-92398
27004
55053
-8516
-57273
59339
12688
-57427
-89171
-6874
80640
-72477
74376
84844
-64557
69119
92274
47456
30295
-31584
-79231
-63072
81989
-65648
78144
-81381
14322
-88232
16879
88043
-32249
-11229
2929
27501
-43609
95791
94160
40911
49075
9220
-76545
-47395
-49888
49758
-50042
74563
-677
-22992
22645
-39375
-90546
-55576
-65239
-89694
91077
-86182
98186
-76467
17915
-22331
16247
77500
3042
31040
-21015
83016
79436
-20908
45758
-76482
80851
15750
19025
35772
-16064
-44877
68839
41812
-32554
-32680
-98308
22536
-97452
88274
-77941
19378
-72568
93537
18178
-79931
-39378
-70885
30189
89338
30888
86188
-98428
-78484
-7850
7891
-67818
40875
94160
55601
24241
-18849
-72293
63081
-70955
60351
-80550
30971
19484
69463
-26124
84139
-81018
18473
42386
3930
-27491
-35915
-6630
-78721
-67553
77931
67177
51539
-55049
25218
-27958
-76288
-79798
17911
-41240
-6922
63094
-22921
-45357
-36494
58749
-6928
84706
60
57987
54534
-39350
79769
3451
-43050
90654
-96240
48845
57247
-27039
19451
97992
-18588
-72837
-58963
-39207
-1535
69988
-41839
86415
60275
-57452
-90463
-33780
-94356
-40869
-35137
-9008
-37638
5507
46110
-99016
94700
78975
-68190
-92118
-82553
73356
-47319
85225
-576
-68386
73646
-59759
64884
-73494
59656
71684
-87923
93625
80226
-77106
-49931
54508
36436
75304
-83809
78729
25529
-2524
-13838
27415
91950
31117
-80855
20996
-56476
5643
97135
49112
-43325
16544
-93744
-25600
37394
35626
-55036
-3196
-33483
-91782
42730
2793
-6508
51484
-64804
61334
-90616
53220
-59034
25779
91515
-72267
-1220
-73819
11976
-94345
45529
-25525
56774
22585
11519
82901
-1740
-18789
72959
-94563
-99601
-80375
-21770
81231
99365
20775
75076
8556
28180
-76370
23091
-26639
-22445
-36971
67769
76846
-41027
9731
-56874
18883
2377
-30593
-76971
40419
-64442
72953
64002
-5127
-62687
-53429
52962
74995
-25947
14024
-69616
-90853
-69782
37448
50657
9130
-95773
-30225
-93173
-55662
-25245
81042
-26439
-50185
-60974
-3225
71906
36417
-78224
60942
-80796
7009
-84014
-25293
-97912
28345
-29131
-85012
60929
26509
-47544
-88212
83109
-51005
48962
61525
33991
-77408
-52408
-16937
-54441
6695
-18283
-23942
-60232
-5708
-54677
-85252
91318
-67818
-28104
31602
64081
87814
7451
-1374
83411
64175
-62525
35663
-18086
55260
-91193
-72457
23980
50509
-65616
38538
-64219
31274
49996
-82971
-33149
68477
-63315
79601
50985
66177
14065
27444
-61595
30904
40216
-23069
-26379
-87118
18097
-46710
-55236
-96718
43844
-39339
-90582
49182
-834
-46427
-40871
34778
29820
66694
-31004
84745
67158
35868
80
62717
-46906
53245
-9334
-28969
23709
-73110
-81882
13130
-41816
35132
-84634
-34545
-17836
-25241
50334
16075
-1899
17668
-62240
-64437
60955
2163
68945
-30663
44667
76129
-44433
-36239
85699
96593
55538
-39271
-8563
94048
30824
38805
17648
79219
29086
-39347
-54434
17977
16718
25736
31964
35397
6354
91426
-63113
-55149
53873
33396
5021
3197
54104
-48429
77665
94615
84320
48201
98624
23622
48686
16761
83424
44794
-68372
-85500
45241
-93393
-36898
-56208
68335
30618
90554
43295
22172
-52595
15764
-12398
-99518
-31887
-12899
49504
-91795
-49041
-12507
-19616
90713
74289
-73900
-35426
64311
94166
-61275
-72951
-95069
21709
18581
84406
13441
-60059
98184
64224
85813
95566
-32768
17214
89906
68082
-65322
37500
83997
-39229
-75768
34707
85914
83340
49630
-9461
53135
-59757
-17596
52101
-8251
-98015
-67138
96570
-5130
25871
11921
-79858
19945
41854
-64949
42182
-21383
-51632
35684
-89127
92224
97967
-16641
-63679
4136
90559
39103
-91895
84964
91494
-59386
18394
25724
51215
60406
51169
76274
6675
36060
65210
60034
-33702
-83193
30853
41096
11071
10613
24116
15277
82574
-47964
-77402
83102
69851
19442
-27442
-93541
50664
-42404
-30546
31707
-3562
44952
21817
69523
73309
-92088
53523
13736
-23843
27240
86170
-47194
-33459
-4661
97161
-90768
20369
46901
-9455
-49805
54940
-13809
54153
-94861
21173
91676
87379
30873
74187
-76830
-8912
-36360
-78128
-92631
50933
-81989
73870
-35727
-15684
61354
-77537
59776
-17770
8412
59550
5272
62372
-30159
-18427
76212
60608
84517
94872
43333
-78173
-76787
-78436
-29058
83259
-16669
-17316
-32041
78783
45297
30004
53530
-2008
-25376
-4019
15766
-57054
84330
-25871
41671
-78918
28433
-75265
87756
36688
94220
78748
21666
-14713
-71334
-22409
-37296
91188
-23723
33826
-95692
88761
-71121
18059
-94598
50382
45442
-77399
-72190
-2561
-50065
44766
-14874
23609
-53508
-67031
-84010
18869
-79654
36134
-1390
13013
39427
-27530
95835
-61643
93631
-60712
21751
36397
89558
-22877
-22119
87307
51084
15527
-44070
35549
-34800
-87392
34984
-77421
-44012
48639
-12694
31776
-82707
949
58903
-7881
-65426
73705
30573
-76796
-13950
-97342
-11964
1408
62161
4153
-36237
-2651
81618
-19492
71843
8140
-21453
36913
-80303
364
-708
-66141
52120
-53832
26004
62308
75582
7322
-18780
-14219
72091
-75673
-42676
9478
24313
65855
78947
66263
56792
1641
57255
-13478
-17259
-21700
-75702
-45158
68321
21432
-25117
13004
17333
53270
68250
-17534
-50455
-19176
85847
55920
90778
-54593
-44214
-74828
76026
44675
80904
-33636
-97300
83189
-72795
-19707
-56686
-89569
-50971
62543
12191
36390
8644
-32754
77283
47608
-77012
58723
35840
91129
44692
-79412
-41284
39738
81744
90961
61733
-58505
-94983
-41225
50626
216
-9797
51990
-96566
35474
-30940
28154
-58202
17445
84439
-72565
56724
59146
24344
-38475
-83257
31292
50792
-51513
-63192
-83990
29713
3646
8952
-96316
-41149
22110
-76395
-92046
96935
-65175
72963
64393
60432
-22212
40822
96893
-93360
-72772
-1829
65412
59865
43290
58975
-13411
-97907
-66069
41182
7438
-24969
12971
60893
-74311
82617
-33281
5898
94860
-43688
83487
-6160
82009
42107
23616
35336
-43115
-74219
-36225
77408
-19025
-14669
-50735
-84901
-30876
-74943
12705
4305
-31541
-35169
99929
44433
32081
25314
60485
-82158
91926
26350
-38587
-85918
-20132
28499
-60396
-49214
30588
57673
91493
95463
87747
61732
-152
-22433
77239
-97194
-85808
-91377
25143
63674
35266
6256
44341
78601
-14588
-28883
50510
-44679
1365
-74925
-70720
35314
-77460
-59350
26667
-56264
-32653
-78435
35592
4595
-11849
14990
95440
-58151
-55319
-61631
-23788
-85045
-96554
-69633
-98738
3603
65475
-56616
-36410
-3813
69115
11522
60384
22178
-49125
96699
54722
-59128
-15578
26633
-26766
-40407
26865
-55974
41938
86486
-54960
73213
-96850
-62691
99100
-72100
57526
-66103
-62705
16482
60866
-85107
14733
48491
-68230
-84485
-20154
21705
93833
-20467
14684
-15946
99313
23981
312
66528
-81644
-97227
6819
74108
18712
-64231
9450
13910
-51590
14422
-39790
-72581
-77871
-38828
-25646
45851
-4902
5153
-43264
34016
17782
-1477
74888
94362
-66986
55918
-58557
2698
1757
-81765
-14830
93920
30334
71219
38917
-24005
-25585
-18447
-12320
-86572
57951
-63483
-87552
39022
-34291
48063
75327
57391
90776
17658
46300
26390
77738
-39665
74068
68890
53584
45586
54994
-39877
-90181
-44058
-15424
-16593
-29893
70812
71228
-47329
-75311
70286
-34807
78174
60604
-60396
95915
35245
-94811
16365
-69850
-63234
-89516
-52044
22298
-63676
55514
86082
-88071
-94033
15824
48327
56841
-78064
70429
-64088
32512
31764
29337
5115
-26444
-96089
61147
71463
-56357
22166
-10834
-98600
44552
83656
-42157
91898
18874
77128
-17768
-30061
-48948
91253
24242
51607
62666
16838
-91782
-29568
92065
50447
81732
-49273
-45932
-34333
60241
3549
5590
-31790
8111
67870
-61900
366
-91367
-45702
98547
-89691
-86757
-9060
-26051
-67811
6304
-33220
38870
-95268
-76276
4983
42008
9953
33450
-78688
-43262
88525
19087
12955
96786
36186
81480
-76091
-5524
-18508
-88752
26956
-64243
4411
19599
-61304
83656
-11807
38464
-76347
-92748
-26461
-94165
-69851
-90174
37577
-76444
86613
52351
76247
-37294
-20406
77015
-20985
-7903
17824
-18987
15918
58557
31321
48039
-36341
21271
58444
-67540
-24983
24608
-74251
-31851
93885
44991
90081
52208
84813
8921
12937
73140
91317
-69416
87747
-91125
32021
12398
-12511
-89987
87475
3101
-73430
89757
62153
-3399
-36230
-83509
-53759
-86813
-58610
-34592
4014
-52880
62615
-55080
90805
93104
67602
91974
88349
-8960
74533
-75707
80291
-56989
96149
-62921
-37243
-20914
-43531
-29430
-45307
58338
-49660
-46149
31340
66172
49318
20021
37631
23214
37966
-95957
-7657
86191
-99497
42157
97973
-66397
-70309
59561
39832
-42179
-71461
97506
-68732
73590
-55510
-67559
-72433
-98946
2984
50615
-85858
-76036
-70056
15477
-4305
-90703
-23241
45917
-17722
-56234
75754
1795
25220
-8151
74178
-34941
38881
39228
-82947
-42411
-60575
-23486
61849
96341
15884
84664
13041
-79662
91215
-49071
43130
38108
17434
91297
-96459
63421
70859
-2219
-35216
-4423
54834
34942
93446
22306
17386
34230
-20054
90017
-73056
12554
-47434
99096
-99793
27728
-84815
-88733
18391
34658
30138
92601
-34406
38053
36186
-94944
-96567
43692
-14762
83445
79191
17522
90434
-37024
10625
-31469
-62296
-55658
53387
-11860
34452
86561
-49331
-2158
-90996
-33649
-50532
86905
43640
35589
-75697
-94941
-81756
-46281
24791
95582
7914
-64363
-9970
-1430
-30966
19605
-30097
94836
-99948
74464
-61716
65203
63508
-51894
27071
-57452
-64282
-77732
-85631
-24600
15475
44741
79982
51205
58795
-2737
1109
-45689
30806
48626
16279
79291
-77779
-73370
61430
-90202
17267
-42257
80923
86131
-4338
35643
12768
-15091
67972
-23964
9266
17208
81019
95341
80752
-91235
-48120
-67667
-50096
52328
90152
-83721
79991
12918
1642
52824
94299
-96265
34227
-86130
5347
-40147
57891
-64714
-53742
20805
-17641
14606
-74056
-97901
32654
80412
-60679
38987
-80416
91726
99386
-50887
96812
-36616
-99077
-39311
76746
-83415
61638
56284
78517
-16956
-55183
87859
76608
-33631
-56296
64179
48273
59158
-3425
-32221
31330
13788
7795
83917
-12376
99799
80694
-47611
-14386
-57886
75141
-66241
-82268
-13472
34792
-2307
-72018
-98593
-5637
85812
-58304
-65551
-42728
10749
-41299
8261
52580
-12527
59560
45159
-86434
19279
-71334
93960
38903
-82269
16272
1847
-6188
52058
69117
94804
-67287
-91960
-55
-45793
-94310
-71629
-41707
67254
27944
60114
-87082
-64972
-42767
22751
-36817
52098
20039
71383
-26747
-27673
55485
-31989
71736
78259
-43506
46038
-46802
93136
-7636
-3344
-15802
-17065
-66956
-43299
-60116
85357
79588
22335
11445
-80748
88814
-59611
-27651
-41919
-73666
30951
-84448
39268
18644
93887
41010
-51734
88125
20306
29159
-1667
29805
-43541
-44346
24970
-45379
15763
-43861
44662
36771
-45519
72111
-74953
75979
-84052
52147
645
5532
-8882
39065
81876
-51285
73181
-82446
1565
-72035
-51949
42101
-4909
-42275
25045
44046
-79715
-48707
56297
-11408
78645
88236
-77762
87174
-30460
59520
-48579
-7446
28433
78433
2667
21251
47037
-5492
-13077
72371
-88874
-57251
-53820
63525
-65398
99023
16207
-19092
-79059
-7831
-70502
94693
38007
-29564
-35051
95976
-50672
-27411
37259
40861
55385
76090
80166
-2628
-98289
-43204
-42018
-30697
27332
16985
56353
-21463
-62383
-38410
-28318
-4288
-74454
60501
-3665
33265
-57746
-94014
-10203
89523
-11701
78333
-39234
-77344
-99643
-4810
80911
18439
-56223
-99796
89509
8049
66957
26681
27808
14561
-84079
83586
-53501
-57375
-26719
-61504
-77271
90610
47612
91918
97622
-61788
32722
-93146
77361
-842
-65234
-52109
-34151
71457
-18405
-61790
-50059
56829
-92369
50888
-78258
-58965
85425
-24464
-83089
-43749
1320
-21575
-67048
-55184
1147
12195
22055
-95582
-92351
91115
48509
38261
14513
-35653
-38801
-2332
8422
-13711
-46181
-62248
-35677
-91102
-42825
-71993
-47111
-32819
-72816
-4885
53751
72906
61759
-54225
-69459
8423
-93334
-81117
-73920
-92081
60336
55602
-9751
-9252
80512
-57774
47836
35755
-93277
-36398
19491
-58288
94135
-2022
-48242
50725
59092
-84222
84502
-82523
-44719
-54651
-62229
-2112
-62995
84618
75520
-51600
55109
26401
45464
64855
93191
33055
-31821
-73767
-23254
58581
65488
-1782
-89241
-81085
-42738
-66726
11952
-94422
10274
68508
-15270
-89890
-24851
-16240
95889
29194
4967
-81981
-43413
38980
-76904
20481
5831
65226
96875
25650
79427
-72688
-89673
-86305
74038
22743
-41212
-77922
82644
43727
45616
73139
-60115
-64352
50900
-64556
40142
87518
-26717
19759
28906
-70407
93297
32008
-10896
-24104
-15970
82734
-60688
-12438
44822
25591
85426
64350
-2684
-48676
86744
-75716
-41440
93127
-1045
-6129
26639
-90987
-77683
50261
15310
-89612
-46135
-36252
30277
40691
96011
56771
80890
70050
33650
76506
-8535
91154
-33112
-23498
-31007
-89614
43214
22490
89945
7934
-11311
70559
3027
-62040
36003
-91481
93344
-49119
21341
45954
56751
-8597
-76932
75514
-19259
20938
79029
-3951
-66403
-27370
-27587
91013
40543
-7365
45218
27129
-87157
826
83292
11699
93665
-55122
-7684
-13754
67749
33652
-95163
96162
-8097
92518
62963
20469
-33219
7053
-23712
99302
-19726
72961
-71637
57776
32773
-83045
-19691
83775
-70835
36650
-49367
-6868
-55265
82236
-79475
-39173
-10897
68890
63187
59976
-44815
35504
-88006
98897
-3462
14323
12682
30388
-44565
86025
-52110
-66499
-60815
-65060
-67924
33962
-93228
-35348
-90288
66302
-50907
-65331
72056
-86575
70695
55160
-68581
-28700
46319
-9858
-11441
93936
37154
34800
-40363
58210
36801
40741
-52417
7417
84642
85754
14801
59622
83507
77925
44256
-7622
8734
-51365
-82519
-48311
-60731
86121
92711
-76870
-17553
22370
13476
89336
33158
-90503
56132
-25239
-29643
81239
57771
-63938
69801
-21544
22857
-71298
13866
-15929
-97203
-72642
20433
-48775
81839
55327
-72094
-87833
3842
99699
-30272
53269
-59087
-74391
61703
38833
-37133
49783
-44634
69278
-92191
58108
-84855
-51509
22167
13767
50354
-20324
13242
-62552
-60508
84843
82053
27254
5430
-75359
39775
12919
16810
61154
87789
-4325
11204
90007
-33381
-35808
-13565
-70981
75218
3607
68297
81615
72978
16827
-10674
-92970
99854
-37718
61254
-75868
-15640
-15528
11303
-2081
54056
50303
60159
-815
69397
-95489
-87315
44786
-56876
53154
87944
-67168
-22329
87846
-28450
-76834
-46442
-58325
-90295
-3326
1266
-99807
72099
21059
-29083
32463
-72728
77240
27653
-51076
57215
11818
-48583
51624
5878
-62282
5248
14782
-15358
-2184
10850
-41475
23815
3083
49208
6339
52252
-60246
-68551
-5506
41647
68237
50721
-71378
73060
-76536
-73956
42595
35513
63820
25073
17862
84720
-59655
-64291
72939
-57477
33524
46600
-47441
35463
-95266
95955
-82758
2035
61088
23746
-99331
-91925
17936
-13022
-96587
8792
40077
-88689
-12482
91837
-10159
73396
-94642
53165
77871
-52146
20086
585
-544
79976
88675
-36397
-8577
7300
89617
-93861
-25272
80357
73798
4224
-66902
-70590
-5961
50096
33460
-75935
60857
32965
20082
64126
14466
78614
-38856
90464
-2011
-99510
-75664
-96772
-27959
-27705
63069
7720
-6626
-13979
-49324
-50658
91056
-85999
47294
89952
-7080
61765
-260
25878
-34234
58284
20144
-80088
11427
-89940
-98555
89997
72211
-48518
-50616
-65269
-75208
57478
-39645
-97342
22482
-24669
87638
41383
30832
29872
-34145
48875
-35862
42977
94514
-6451
75417
-66251
26040
-75360
-85859
44918
33871
-80647
-98851
-57737
-75682
-55621
-28132
-88223
87326
-61791
-19350
-16103
-61891
86234
62358
32626
-33897
16025
16567
-88581
-60271
-40146
-68269
79521
65698
78767
88174
35120
-57939
-87438
-77942
71619
-51962
570
88427
10952
-16033
50548
-4251
-38479
-20083
44914
-55803
54769
-22515
90690
80353
78156
31545
35138
-70702
-49684
59201
-90264
71688
97693
37936
8486
61958
44830
41281
66723
-28350
-47375
-77271
-83530
-71046
-61600
-28706
50738
75159
-54981
-749
85031
-37024
49618
24779
31355
26211
70849
-80990
-19056
92297
67751
77490
-62553
-35194
4654
21307
-41758
51635
-55331
17879
99015
-77930
-2807
4004
66730
-98501
78714
-90886
70060
-50286
-91557
-69142
28437
-71694
9857
-70519
49633
61950
-68079
-70674
64386
-3112
-3509
-18522
-36773
-29369
-50576
-61333
22843
-30997
32793
78338
14442
57061
3929
-7897
-18061
-70872
-96670
94301
16153
-5865
27457
-73915
14540
53283
32281
3129
-26567
14374
-60918
27589
-65051
-44626
34615
99338
-94668
-77325
-56541
-30012
65522
-95986
-31289
-77026
-30435
-78593
3213
-58558
95784
63163
66025
-5436
29188
-4204
73193
68324
18371
-90721
65773
57291
-78069
-89113
96538
32236
58852
-12273
85941
-3953
29180
-60055
-7885
-55579
15607
-96980
58804
-64013
37599
-24329
22299
1135
23639
-55745
-99964
-30701
-77487
-57394
92221
32787
34857
-55451
29043
32432
22488
60727
-75027
-66853
18407
50321
-11096
35276
-46450
84754
85062
25881
-13158
-91367
14423
3778
57578
-80048
21813
-45187
83752
18714
51153
92995
82296
-45787
-26834
-90909
83027
-43000
93688
2905
59441
6466
19221
5972
48496
-99532
-81379
-78697
22429
62502
-50772
43398
-55787
51667
-57449
29883
29521
52061
-40186
16235
-7761
75986
59850
-53776
57025
-5339
41012
-18098
70669
31979
6064
-86494
23454
73980
-80860
-94994
77652
52245
-35389
93606
-20669
-91133
3228
-14668
18889
5736
5738
63209
92237
-29706
90032
57718
2373
18461
45146
-64677
36133
7820
-26808
-76993
-18817
92274
-66964
19372
30590
42105
57679
-82627
89917
58298
89570
89455
-1626
95768
99554
52699
46075
47136
2996
-25971
12120
-58900
-9959
-69747
-42274
45913
-1180
-10184
66372
-36586
16702
-79219
96729
28788
62731
-78841
-3325
3084
35819
42529
27403
-16202
-62145
79823
-24482
16522
-87281
-75153
-7954
-23191
-82931
53913
90245
-1990
20446
-41875
36911
-64441
2262
94521
-12936
73533
-98673
38475
43699
-3668
41676
57784
73218
8390
75777
65305
16919
34823
-34773
59595
69945
12875
-59881
-93212
-59175
-34384
-2641
61292
46567
-34637
60222
50707
-4945
-45366
31557
52000
-14856
5223
28225
-94720
5358
-53938
71128
15675
-12394
22125
-81192
46177
12512
-36927
-766
65521
-15817
-44478
68712
-11496
-67154
52083
46917
-78753
61818
-18485
16564
-41717
27803
-75377
-41772
-53296
36821
-59904
15327
90066
-13708
84375
-50065
-51892
-19552
27940
59742
-62086
-41153
-1450
72455
38893
-92131
36341
-94166
-47763
39729
76243
-89149
-69436
-68009
85207
-424
35494
-13665
98936
-44680
-90968
-2006
53768
-44996
-68064
-28312
80809
59378
70970
-36096
-82531
-19062
-57840
10434
9328
59158
57656
-40093
13013
-31194
-69617
-66781
-29716
14637
80870
43693
-35726
-96278
-31011
26709
18584
5745
52935
23864
-76412
65175
40672
-18276
-67548
73378
73032
2418
-34038
40222
-35001
59377
18238
94094
-54544
-53319
8912
-63423
67493
5527
-36611
-32293
-56239
89218
70989
93758
54185
-78788
65102
-41547
81049
64136
54510
14569
-13238
-9642
38521
-34853
-4446
-52665
5841
-60487
64463
99079
-82529
51071
19605
36431
33466
42827
41057
70129
97527
77013
43565
61726
99111
-92335
-4274
31916
-76435
-31142
-33792
99978
-27977
23050
75433
376
30908
-17109
70305
49674
65275
-90360
11005
-53106
65790
-82374
-53715
-12387
49945
93512
33137
35665
47504
-33436
10128
41507
36107
-86006
-6322
-41757
-87021
50283
-17753
-13789
76830
95660
58709
-25872
86773
-23254
20155
-98118
40908
23526
-91954
-21691
58563
55756
-77305
-58704
-13062
18545
24929
15926
-96398
64543
64734
-62214
66485
-75127
-76678
-45993
22231
-70453
-60176
-91937
-87740
52634
-10736
2708
-69593
-83544
64070
33892
74000
-63088
89331
45076
-51842
13588
93892
-80142
-46201
-72070
-75783
-95154
69592
-81604
31932
-33483
-32368
-75401
75839
-17124
50060
45511
93566
44018
-1207
-64904
27511
-5134
-3088
36778
-21520
-37586
-98346
-11879
-15055
-99657
69116
2610
-67177
87555
-94324
35097
88319
-18832
20406
75588
1952
97301
-72431
-31342
86857
85437
96203
-20213
17299
65644
-72685
14349
-66655
-654
-24036
83982
54619
6611
65025
27031
97345
-8298
42858
-59692
37872
-12766
-6142
-62805
72465
64984
-99847
71741
67652
-99952
-56538
12726
82508
-83557
20411
36601
15395
44916
71888
-33280
83239
80398
15030
50238
-75255
-81645
30600
-77336
13099
3083
-42145
-34075
67284
22119
-36348
-91033
-49655
85028
-78258
-90838
92462
-94187
-70850
31784
-20715
-80645
14638
22896
1504
96418
67286
94643
35830
-7298
-93966
22453
-34425
-20951
62142
-32156
-45602
97531
30804
-84812
-82164
56542
-75069
-97481
-1324
3238
-31629
25352
29335
72685
56965
-94906
31732
88401
96715
21435
-87874
84796
15636
-60943
-7993
63246
-89460
-50135
53339
26482
29188
58792
91825
-79061
51812
44708
4437
-30203
9613
-60877
-45815
-74518
-6894
64301
-95766
-66253
84042
48325
82926
97433
-12253
27735
44852
-89839
93670
4065
-43394
60093
8058
-89768
-42786
28114
3803
45579
-29687
-6351
-34159
-91755
74046
-39058
67802
13630
67462
36200
90660
96425
-21808
9414
86177
-15436
-94281
-50280
-9442
32876
-10717
5576
-44971
67875
95163
-50953
76505
797
-55869
-90467
-23838
92022
-87687
3787
6344
48629
-89622
-59983
67892
37260
-50355
-31801
9568
5500
-91059
-83795
65357
-38297
-88071
24251
91719
116
-36233
12203
90250
26166
15605
55000
-60472
-14267
-21302
37274
-5811
-82406
16022
-61766
-57472
5703
75874
-94339
98248
-34259
57091
6600
92438
84849
95943
-67112
-218
38259
-70552
87386
-59710
77855
53982
12258
3286
73330
-56955
-43111
-68973
-87810
43057
43653
32801
-74635
25639
-495
19275
-92551
-81068
4694
-36212
67056
-80981
75301
-32720
4377
-66087
-93553
-71113
-12239
-83923
-96264
57217
-34796
-63996
45837
-36330
45219
48590
34103
62734
48717
5396
-72564
-97868
-83756
-30287
-86679
-79997
-74116
-88494
20990
75428
89913
-59404
72864
-90569
-18718
-5922
-1068
-89177
-39425
36724
-19949
-34584
61774
62801
1409
-58484
-58754
20702
-84006
-21753
56307
13323
-35122
81491
99999
-41026
81307
64905
-35202
50722
12829
-37873
7469
4094
-33264
1202
14937
44813
69508
-82681
-8972
-11484
-7796
70234
22041
59683
38302
79484
26581
38803
93275
44139
-27408
-29497
51325
33396
-12277
40410
-32848
24134
-53078
-28062
83610
92902
-36170
32264
2284
-71678
-69690
-25452
84078
-57753
45918
48687
17876
-38783
98968
75203
-23327
-28129
41162
-15416
44542
-29186
17061
-93160
19067
-31885
97438
-22483
61698
5058
46896
98058
-76524
23072
-20856
-69911
-21098
23183
24287
49636
-42449
22988
78500
-57910
71371
-20622
-97390
-51903
34780
-68401
47568
81097
94327
3518
-96703
66801
-40611
-56975
-87383
39284
38302
95013
-73312
25286
2461
55739
-322
18127
-59558
-40527
70695
73916
-86186
-10788
17933
10776
99899
76762
-54250
11749
-33338
2366
32428
32411
29705
-34221
52698
93184
68291
-80362
97972
-47989
71791
79018
31513
-2950
66143
67143
31443
4486
-49432
65163
-50434
55019
33209
70540
95544
85692
-49683
92735
-5199
22430
-54170
-66077
-93082
56552
38524
-50735
60752
37581
22874
-76930
62385
-34184
-18925
-78061
70029
8282
11294
94146
17963
-79634
-90726
-20130
-79002
75607
89559
80235
67524
72415
-55839
62864
-59971
19573
78449
34898
90105
52083
-96311
-76459
12338
-73559
4309
45604
-4642
-8754
20226
-41070
-60839
50749
-42786
-29522
85096
9112
64717
27685
28147
-36715
52334
-67244
58157
7168
58830
-39430
-86092
48935
-28035
-31362
-37301
17334
-70054
-93648
27631
19845
78106
62176
-78446
-95115
26876
96927
23770
77746
-51334
-13529
-26971
41361
-18187
47846
9276
87105
65604
-2318
-72222
-34621
41682
22596
19378
5353
-59754
15825
45814
-6252
959
28676
68184
-1254
76151
-6622
-10421
-35675
-12734
-71024
33390
-52468
26555
-88672
-65755
20760
20910
-87791
25964
699
4277
27361
17573
-55228
36043
40818
19156
24035
-8437
42220
-33337
52601
59359
14728
-37122
-65290
-54416
-18342
67250
9208
-46909
-45026
37994
33245
24523
-2478
-3925
11996
-91132
-51399
2505
-85050
10512
91658
73658
79077
80254
-35674
69044
3792
-15457
-83585
-1602
51158
8854
91317
-27373
-40142
-10395
-96630
35184
79342
-84903
50409
10002
88237
-79190
-78831
-83116
18635
94696
40648
22851
-66693
-57600
63943
-37015
-76605
86511
-40043
77410
35997
-37211
18627
-90219
-13149
46712
-25704
-83574
72728
-15314
16499
72949
-58010
-25618
88533
78774
18597
75871
-33754
-22770
-51912
84367
40501
-62697
-52751
88364
91733
-55698
21933
13451
-6590
15730
26740
46608
-92337
-79981
66990
48134
511
-75135
12193
89567
-18913
36196
-94851
18850
59378
-23050
-68669
15041
21409
-42003
517
15942
-59666
-96018
-75723
6253
-73684
-56603
38560
-75080
-15419
37450
-13064
-63605
58516
-61385
69919
93872
-56075
-67658
-391
706
-49639
-4599
20743
-48105
-99481
55065
-63500
-65295
-29777
4808
-45477
37851
-69690
-72719
-89645
93923
10011
-35329
27302
-17440
32809
-80693
67330
84316
-89734
-80275
-16396
-39319
19351
-65920
93094
-39255
90592
29632
-93392
-11758
20811
-36825
-85917
2790
41060
-77126
-99344
-92368
59950
-27336
-19086
14427
-26962
40932
-92009
-42295
-96284
-34754
47879
-71234
72218
35465
-34171
36428
42872
60447
4545
72523
14977
64045
-81647
-13451
-4914
-84544
-74335
-92966
-39200
-76946
-9947
17887
35774
52278
-35497
64306
94326
-5049
-9632
77639
47108
-73953
-48224
30350
58969
-51220
-84853
-31312
12343
-76533
14069
-74525
6675
-64757
-16615
29440
94652
-2588
15871
92256
-42638
-27396
36948
-11102
75582
-91771
26085
-52381
87852
-57510
-31467
-92793
23199
8173
98261
73822
-22449
18808
-51668
-6208
-26034
80043
-58064
37227
55810
-77063
-35796
30211
-26423
45847
27056
67479
-82484
-79108
-13955
79513
58968
-5961
-73400
95570
56065
21127
-7871
46235
-3640
-35388
-66937
61728
-61519
53289
-77485
71880
-82385
52668
33649
-96143
-62319
9337
78275
-2774
5242
81246
73158
2201
-76093
-82340
-752
93203
-6713
9897
75074
-22823
96939
-96587
47458
-81446
-27892
21473
-51161
9744
-5695
-22088
-45197
-27621
-18783
-11906
35427
-46654
-82931
16518
77530
-21172
62812
-61944
10761
17815
60196
-72499
-99688
35982
-16362
52598
82498
92257
23362
22295
-7463
31793
47044
55895
-33616
62210
-85825
54686
-45277
85696
88951
-5705
44453
82862
-27827
-11499
-70551
35885
55403
78323
11284
78427
-89535
-23383
-24952
64732
42402
13621
99086
-67253
5184
-59360
-21707
23036
17091
32934
33744
-27881
32080
-48456
-50085
-96396
-15985
33358
-13305
-32006
-21131
62513
-94123
69805
-28099
74725
-68734
-93820
-26737
49698
95414
-22185
-93940
52909
3632
93691
-63321
-48154
-64881
50351
-82693
-35771
-94295
64912
60273
-65604
-9238
-42958
-6103
71610
42000
-79096
-65847
-86755
64536
-14537
15990
97642
28077
-41755
-69641
23859
36443
51558
-95094
-5894
23421
-28138
28446
-10660
-84660
-8726
65691
45615
-79010
-77990
10636
-8314
-541
-66106